0 0.649219 0.852083 0.164062 0.295833
0 0.149219 0.852083 0.164062 0.295833
0 0.0820312 0.654167 0.164062 0.345833
0 0.149219 0.169792 0.164062 0.339583
0 0.315625 0.254167 0.1625 0.345833
0 0.849219 0.520833 0.164062 0.345833
0 0.382031 0.852083 0.164062 0.295833
0 0.482031 0.477083 0.164062 0.345833
0 0.216406 0.169792 0.164062 0.339583
0 0.582031 0.146875 0.164062 0.29375
0 0.149219 0.477083 0.164062 0.345833
0 0.649219 0.3875 0.164062 0.345833
0 0.782031 0.477083 0.164062 0.345833
0 0.782031 0.654167 0.164062 0.345833
0 0.649219 0.698958 0.164062 0.347917
0 0.882031 0.74375 0.164062 0.345833
0 0.349219 0.565625 0.164062 0.347917
0 0.682031 0.254167 0.164062 0.345833
0 0.749219 0.254167 0.164062 0.345833
0 0.549219 0.610417 0.164062 0.345833
0 0.616406 0.520833 0.164062 0.345833
0 0.916406 0.520833 0.164062 0.345833
0 0.215625 0.34375 0.1625 0.345833
0 0.282031 0.698958 0.164062 0.347917
0 0.649219 0.169792 0.164062 0.339583
0 0.315625 0.829167 0.1625 0.341667
0 0.933594 0.432292 0.132812 0.347917
0 0.582031 0.254167 0.164062 0.345833
0 0.849219 0.655208 0.164062 0.347917
0 0.916406 0.298958 0.164062 0.34375
0 0.582031 0.698958 0.164062 0.347917
0 0.116406 0.565625 0.164062 0.347917
0 0.816406 0.210417 0.164062 0.345833
0 0.249219 0.830208 0.164062 0.339583
0 0.182031 0.654167 0.164062 0.345833
0 0.382031 0.254167 0.164062 0.345833
0 0.716406 0.16875 0.164062 0.3375
0 0.116406 0.74375 0.164062 0.345833
0 0.582031 0.852083 0.164062 0.295833
0 0.282031 0.520833 0.164062 0.345833
0 0.0484375 0.894792 0.096875 0.210417
0 0.716406 0.520833 0.164062 0.345833
0 0.916406 0.16875 0.164062 0.3375
0 0.749219 0.7875 0.164062 0.345833
0 0.549219 0.477083 0.164062 0.345833
0 0.416406 0.7875 0.164062 0.345833
0 0.249219 0.610417 0.164062 0.345833
0 0.933594 0.829167 0.132812 0.341667
0 0.482031 0.34375 0.164062 0.345833
0 0.216406 0.477083 0.164062 0.345833
0 0.516406 0.7875 0.164062 0.345833
0 0.916406 0.654167 0.164062 0.345833
0 0.065625 0.169792 0.13125 0.339583
0 0.449219 0.16875 0.164062 0.3375
0 0.616406 0.7875 0.164062 0.345833
0 0.815625 0.7875 0.1625 0.345833
0 0.282031 0.3875 0.164062 0.345833
0 0.382031 0.654167 0.164062 0.345833
0 0.0484375 0.128125 0.096875 0.25625
0 0.516406 0.254167 0.164062 0.345833
0 0.582031 0.3875 0.164062 0.345833
0 0.682031 0.7875 0.164062 0.345833
0 0.416406 0.432292 0.164062 0.347917
0 0.182031 0.7875 0.164062 0.345833
0 0.349219 0.34375 0.164062 0.345833
0 0.0484375 0.655208 0.096875 0.35625
0 0.549219 0.103125 0.164062 0.20625
0 0.349219 0.103125 0.164062 0.20625
0 0.065625 0.852083 0.13125 0.295833
0 0.215625 0.103125 0.1625 0.20625
0 0.416406 0.566667 0.164062 0.345833
0 0.149219 0.103125 0.164062 0.20625
0 0.482031 0.103125 0.164062 0.20625
0 0.065625 0.565625 0.13125 0.347917
0 0.849219 0.103125 0.164062 0.20625
0 0.065625 0.298958 0.13125 0.347917
0 0.615625 0.103125 0.1625 0.20625
0 0.065625 0.432292 0.13125 0.34375
0 0.749219 0.103125 0.164062 0.20625
0 0.415625 0.103125 0.1625 0.20625
0 0.282031 0.103125 0.164062 0.20625
0 0.065625 0.74375 0.13125 0.345833
0 0.682031 0.103125 0.164062 0.20625
4 0.815625 0.0802083 0.1625 0.160417
0 0.915625 0.103125 0.1625 0.20625
4 0.615625 0.0802083 0.1625 0.160417
4 0.449219 0.0802083 0.160938 0.160417
4 0.249219 0.0802083 0.160938 0.160417
9 0.950781 0.120833 0.0984375 0.2125
4 0.382031 0.0802083 0.160938 0.160417
4 0.515625 0.0802083 0.1625 0.160417
9 0.950781 0.907292 0.0984375 0.185417
9 0.950781 0.83125 0.0984375 0.2125
4 0.182031 0.0802083 0.160938 0.160417
4 0.715625 0.0802083 0.1625 0.160417
4 0.115625 0.0802083 0.1625 0.160417
4 0.315625 0.0802083 0.1625 0.160417
4 0.882812 0.0802083 0.1625 0.160417
9 0.950781 0.208333 0.0984375 0.2125
9 0.950781 0.297917 0.0984375 0.2125
0 0.0648438 0.0802083 0.129688 0.160417
4 0.934375 0.0802083 0.13125 0.160417
9 0.950781 0.3875 0.0984375 0.2125
9 0.950781 0.654167 0.0984375 0.2125
9 0.950781 0.475 0.0984375 0.2125
9 0.950781 0.741667 0.0984375 0.2125
9 0.950781 0.564583 0.0984375 0.2125
4 0.0484375 0.0833333 0.096875 0.166667
9 0.0515625 0.090625 0.103125 0.18125
9 0.0515625 0.653125 0.103125 0.210417
0 0.95 0.169792 0.1 0.339583
0 0.95 0.298958 0.1 0.347917
9 0.0515625 0.164583 0.103125 0.2125
9 0.0515625 0.253125 0.103125 0.210417
9 0.0515625 0.907292 0.103125 0.185417
9 0.0515625 0.519792 0.103125 0.210417
9 0.0515625 0.43125 0.103125 0.2125
9 0.0515625 0.786458 0.103125 0.210417
0 0.95 0.521875 0.1 0.347917
9 0.0515625 0.342708 0.103125 0.210417
0 0.95 0.742708 0.1 0.347917
0 0.95 0.895833 0.1 0.208333
9 0.0515625 0.951042 0.103125 0.0979167
0 0.950781 0.08125 0.0984375 0.1625
9 0.950781 0.951042 0.0984375 0.0979167
9 0.0515625 0.0458333 0.103125 0.0916667
9 0.950781 0.0458333 0.0984375 0.0916667
7 0.36875 0.763542 0.540625 0.472917
7 0.185937 0.763542 0.371875 0.472917
7 0.36875 0.276042 0.5375 0.552083
7 0.252344 0.675 0.504687 0.65
7 0.703125 0.721875 0.540625 0.55625
7 0.185937 0.540625 0.371875 0.735417
7 0.503125 0.364583 0.5375 0.729167
7 0.369531 0.540625 0.539062 0.735417
7 0.252344 0.364583 0.504687 0.729167
7 0.702344 0.230208 0.532812 0.460417
7 0.502344 0.676042 0.539062 0.647917
7 0.635938 0.540625 0.5375 0.73125
7 0.815625 0.365625 0.36875 0.73125
7 0.217187 0.230208 0.434375 0.460417
7 0.816406 0.676042 0.367188 0.647917
4 0.634375 0.809375 0.525 0.38125
4 0.301562 0.809375 0.525 0.38125
4 0.435937 0.196875 0.503125 0.39375
7 0.825 0.197917 0.35 0.395833
7 0.502344 0.196875 0.504687 0.39375
4 0.791406 0.196875 0.417188 0.39375
4 0.24375 0.196875 0.4875 0.39375
4 0.149219 0.626042 0.298438 0.747917
4 0.144531 0.202083 0.289062 0.404167
9 0.932031 0.452083 0.135937 0.408333
9 0.932031 0.71875 0.135937 0.408333
9 0.932031 0.275 0.135937 0.408333
9 0.932031 0.845833 0.135937 0.308333
4 0.146094 0.805208 0.292188 0.389583
9 0.0671875 0.104167 0.134375 0.208333
2 0.851562 0.757292 0.296875 0.485417
9 0.435156 0.105208 0.201562 0.210417
9 0.300781 0.105208 0.201562 0.210417
9 0.933594 0.107292 0.132812 0.214583
9 0.167969 0.105208 0.201562 0.210417
9 0.567969 0.105208 0.201562 0.210417
9 0.835156 0.105208 0.201562 0.210417
9 0.701563 0.105208 0.2 0.210417
3 0.830469 0.541667 0.220313 0.354167
3 0.892969 0.453125 0.214062 0.352083
3 0.892969 0.136458 0.214062 0.272917
2 0.852344 0.540625 0.295312 0.760417
4 0.853125 0.802083 0.29375 0.395833
3 0.364062 0.136458 0.221875 0.272917
3 0.892969 0.630208 0.214062 0.352083
3 0.163281 0.453125 0.220313 0.352083
3 0.892969 0.808333 0.214062 0.354167
3 0.830469 0.719792 0.220313 0.352083
3 0.496875 0.136458 0.221875 0.272917
3 0.830469 0.275 0.220313 0.354167
3 0.429688 0.453125 0.21875 0.352083
3 0.763281 0.63125 0.220313 0.354167
3 0.763281 0.364583 0.220313 0.354167
3 0.496094 0.541667 0.220313 0.354167
3 0.163281 0.186458 0.220313 0.352083
3 0.296875 0.453125 0.21875 0.352083
3 0.763281 0.186458 0.220313 0.352083
3 0.363281 0.364583 0.220313 0.354167
3 0.296094 0.276042 0.220313 0.352083
3 0.763281 0.808333 0.220313 0.354167
3 0.629687 0.136458 0.221875 0.272917
3 0.229687 0.136458 0.221875 0.272917
3 0.296875 0.720833 0.21875 0.354167
3 0.563281 0.453125 0.220313 0.352083
3 0.230469 0.364583 0.220313 0.354167
3 0.829687 0.859375 0.21875 0.28125
3 0.696875 0.541667 0.21875 0.354167
3 0.430469 0.186458 0.220313 0.352083
3 0.496094 0.364583 0.220313 0.354167
3 0.363281 0.541667 0.220313 0.354167
3 0.496875 0.808333 0.21875 0.354167
3 0.363281 0.808333 0.220313 0.354167
3 0.229687 0.63125 0.21875 0.354167
3 0.696875 0.276042 0.21875 0.352083
3 0.563281 0.720833 0.217187 0.354167
3 0.229687 0.808333 0.21875 0.354167
3 0.103125 0.542708 0.20625 0.352083
3 0.563281 0.186458 0.220313 0.352083
3 0.696875 0.719792 0.21875 0.352083
3 0.103125 0.719792 0.20625 0.352083
3 0.103906 0.136458 0.207813 0.272917
3 0.629687 0.808333 0.21875 0.354167
3 0.103125 0.275 0.20625 0.35
3 0.429688 0.63125 0.21875 0.354167
3 0.630469 0.63125 0.220313 0.354167
3 0.629687 0.364583 0.21875 0.354167
3 0.696875 0.860417 0.21875 0.279167
3 0.103125 0.860417 0.20625 0.279167
5 0.502344 0.147917 0.204688 0.295833
3 0.296875 0.859375 0.21875 0.28125
5 0.369531 0.147917 0.204688 0.295833
5 0.702344 0.147917 0.204688 0.295833
5 0.635938 0.630208 0.203125 0.402083
5 0.502344 0.630208 0.201562 0.402083
3 0.430469 0.859375 0.217187 0.28125
3 0.563281 0.859375 0.217187 0.28125
5 0.56875 0.540625 0.203125 0.402083
5 0.900781 0.363542 0.198437 0.402083
5 0.900781 0.803125 0.198437 0.39375
5 0.503125 0.453125 0.203125 0.402083
5 0.900781 0.19375 0.198437 0.3875
5 0.900781 0.541667 0.198437 0.404167
5 0.36875 0.453125 0.203125 0.402083
5 0.76875 0.540625 0.203125 0.402083
5 0.635938 0.803125 0.203125 0.39375
5 0.569531 0.71875 0.201562 0.404167
5 0.635938 0.452083 0.203125 0.404167
5 0.435937 0.540625 0.203125 0.402083
5 0.56875 0.19375 0.203125 0.3875
5 0.835156 0.147917 0.204688 0.295833
5 0.435937 0.192708 0.203125 0.385417
5 0.302344 0.630208 0.204688 0.402083
5 0.503125 0.846875 0.203125 0.30625
5 0.235938 0.147917 0.20625 0.295833
5 0.702344 0.71875 0.201562 0.404167
5 0.835938 0.453125 0.203125 0.402083
3 0.830469 0.0895833 0.223438 0.179167
5 0.76875 0.803125 0.203125 0.39375
5 0.76875 0.192708 0.203125 0.385417
5 0.302344 0.803125 0.204688 0.39375
5 0.435937 0.363542 0.203125 0.402083
5 0.56875 0.363542 0.203125 0.402083
5 0.835938 0.71875 0.203125 0.404167
5 0.435937 0.719792 0.203125 0.402083
5 0.16875 0.803125 0.203125 0.39375
5 0.302344 0.19375 0.204688 0.3875
5 0.16875 0.630208 0.203125 0.402083
5 0.235938 0.453125 0.203125 0.402083
5 0.302344 0.363542 0.204688 0.402083
2 0.857031 0.2 0.285937 0.4
5 0.76875 0.363542 0.203125 0.402083
5 0.16875 0.363542 0.203125 0.402083
5 0.169531 0.192708 0.204688 0.385417
3 0.697656 0.0895833 0.223438 0.179167
5 0.702344 0.846875 0.201562 0.30625
5 0.36875 0.273958 0.203125 0.402083
5 0.36875 0.846875 0.203125 0.30625
3 0.564062 0.0895833 0.225 0.179167
5 0.503125 0.273958 0.203125 0.402083
5 0.235938 0.71875 0.203125 0.404167
5 0.0703125 0.186458 0.140625 0.352083
5 0.235938 0.273958 0.203125 0.402083
5 0.235938 0.846875 0.203125 0.30625
5 0.835938 0.846875 0.203125 0.30625
5 0.835938 0.273958 0.203125 0.402083
3 0.430469 0.0895833 0.223438 0.179167
5 0.635938 0.273958 0.203125 0.402083
3 0.0695312 0.809375 0.139062 0.352083
3 0.297656 0.0895833 0.223438 0.179167
5 0.102344 0.147917 0.204688 0.295833
5 0.0695312 0.720833 0.139062 0.354167
5 0.0703125 0.365625 0.140625 0.352083
3 0.164062 0.0895833 0.225 0.179167
3 0.0695312 0.63125 0.139062 0.354167
5 0.0695312 0.542708 0.139062 0.352083
5 0.102344 0.541667 0.204688 0.404167
5 0.102344 0.71875 0.204688 0.404167
5 0.102344 0.846875 0.204688 0.30625
5 0.102344 0.273958 0.204688 0.402083
3 0.925781 0.186458 0.148438 0.364583
3 0.925781 0.541667 0.148438 0.366667
3 0.925781 0.364583 0.148438 0.366667
3 0.926562 0.096875 0.146875 0.19375
3 0.925781 0.720833 0.148438 0.366667
5 0.892187 0.904167 0.215625 0.191667
3 0.925781 0.857292 0.148438 0.285417
5 0.164062 0.904167 0.225 0.191667
3 0.0695312 0.0927083 0.139062 0.185417
5 0.296875 0.904167 0.225 0.191667
5 0.564062 0.904167 0.225 0.191667
5 0.430469 0.904167 0.223438 0.191667
5 0.764063 0.904167 0.225 0.191667
5 0.0703125 0.904167 0.140625 0.191667
